6
10
4 1 2 3 9 7 5 6 10 8
10
3 2 5 4 1 6 10 9 7 8
20
10 11 8 7 4 18 9 2 13 16 17 5 20 14 12 15 19 1 3 6
50
10 39 46 43 37 50 45 36 26 14 6 5 19 3 44 31 49 23 42 32 33 16 11 8 38 20 1 13 21 17 9 12 35 48 18 40 22 29 7 2 30 47 41 28 34 25 27 24 4 15
70
39 68 2 31 3 56 25 58 57 35 63 19 69 22 54 38 41 53 6 32 27 34 17 61 8 36 18 55 26 66 43 24 12 50 30 59 47 46 33 70 4 21 10 44 62 28 65 14 37 15 45 48 7 64 1 49 51 13 23 60 20 40 11 5 67 16 9 29 52 42
100
72 47 40 83 45 33 8 17 60 74 38 88 80 66 41 91 67 59 44 3 30 20 16 54 14 10 81 9 65 63 90 25 11 99 69 79 86 89 94 34 24 62 78 2 1 27 95 50 56 55 22 23 76 75 29 26 97 68 58 48 46 73 82 35 96 37 51 15 61 4 84 5 71 98 18 92 64 32 52 70 53 12 93 28 19 7 13 31 21 49 39 43 42 85 77 87 100 6 36 57