6
5
25 3 4
4 4 6
9 2 3
16 2 5
1 5 2
5
14 5 18
19 10 5
7 12 14
5 6 19
8 13 7
10
114 96 290
65 74 201
261 19 105
181 60 275
90 145 254
286 118 64
16 24 205
288 128 299
96 36 74
182 5 35
21
100 100 100
2 99 99
98 2 98
97 97 2
96 96 96
3 95 95
94 3 94
93 93 3
92 92 92
4 91 91
90 4 90
89 89 4
88 88 88
5 87 87
86 5 86
85 85 5
84 84 84
6 83 83
82 6 82
81 81 6
80 80 80
50
251 260 401
346 544 198
380 353 276
292 407 83
406 547 92
315 283 56
375 505 403
471 140 314
102 100 145
81 384 285
95 189 423
93 167 59
356 497 360
165 179 238
451 80 371
212 423 329
55 158 97
428 138 100
154 103 380
173 167 316
447 325 408
50 226 412
122 281 317
394 65 358
382 409 58
167 239 311
98 171 144
437 264 147
450 135 310
454 258 53
417 232 143
427 360 250
300 345 249
319 50 378
68 82 232
473 389 279
324 486 268
385 186 110
390 323 114
186 318 291
384 454 244
341 315 252
115 82 320
123 157 404
318 463 366
143 512 89
354 280 348
92 274 312
192 185 277
405 433 241
100
223 1 138
270 49 46
288 52 161
121 8 290
63 83 107
249 13 70
42 127 172
29 89 206
102 125 197
284 27 271
138 92 124
66 54 143
202 139 74
154 142 98
48 79 45
297 148 151
52 60 243
289 21 179
158 129 64
82 97 252
131 120 48
20 105 176
185 43 276
243 123 102
90 39 59
6 72 83
58 69 264
68 65 53
230 134 86
147 82 181
276 137 152
178 74 120
246 80 41
26 111 187
98 34 144
273 40 165
99 78 136
46 145 23
71 118 76
65 62 153
168 88 202
285 7 20
175 42 178
10 17 19
232 5 66
51 121 188
165 107 77
278 122 295
251 29 236
196 100 282
137 61 244
245 114 254
143 71 251
265 101 54
161 28 247
263 94 130
94 59 210
76 143 2
115 10 213
77 75 240
123 96 270
120 124 241
180 117 284
293 91 140
9 144 249
107 99 182
177 110 215
73 55 128
103 45 237
219 141 171
261 12 203
1 44 287
254 149 90
191 3 157
104 106 196
135 4 177
257 25 170
179 150 262
233 66 71
269 115 13
67 103 164
212 58 194
155 135 242
111 68 228
30 126 199
7 31 6
201 63 12
142 48 139
236 86 112
91 102 33
72 64 288
226 85 61
146 104 296
280 130 50
225 90 44
117 136 103
159 132 298
250 19 235
153 70 56
122 38 108